0.169938
0.169932
0.169925
0.169918
0.169911
0.169905
0.169898
0.169891
0.169885
0.169878
0.169871
0.169865
0.169858
0.169851
0.169844
0.169838
0.169831
0.169824
0.169818
0.169811
0.169804
0.169797
0.169791
0.169784
0.169777
0.16977
0.169764
0.169757
0.16975
0.169743
0.169737
0.16973
0.169723
0.169716
0.16971
0.169703
0.169696
0.169689
0.169683
0.169676
0.169669
0.169662
0.169655
0.169649
0.169642
0.169635
0.169628
0.169621
0.169615
0.169608
0.169601
0.169594
0.169587
0.16958
0.169574
0.169567
0.16956
0.169553
0.169546
0.169539
0.169533
0.169526
0.169519
0.169512
0.169505
0.169498
0.169491
0.169485
0.169478
0.169471
0.169464
0.169457
0.16945
0.169443
0.169436
0.169429
0.169423
0.169416
0.169409
0.169402
0.169395
0.169388
0.169381
0.169374
0.169367
0.16936
0.169353
0.169347
0.16934
0.169333
0.169326
0.169319
0.169312
0.169305
0.169298
0.169291
0.169284
0.169277
0.16927
0.169263
0.169256
0.169249
0.169242
0.169235
0.169228
0.169221
0.169214
0.169207
0.1692
0.169193
0.169186
0.169179
0.169172
0.169165
0.169158
0.169151
0.169144
0.169137
0.16913
0.169123
0.169116
0.169109
0.169102
0.169095
0.169088
0.169081
0.169074
0.169067
0.16906
0.169053
0.169046
0.169039
0.169032
0.169025
0.169017
0.16901
0.169003
0.168996
0.168989
0.168982
0.168975
0.168968
0.168961
0.168954
0.168947
0.168939
0.168932
0.168925
0.168918
0.168911
0.168904
0.168897
0.16889
0.168882
0.168875
0.168868
0.168861
0.168854
0.168847
0.16884
0.168832
0.168825
0.168818
0.168811
0.168804
0.168797
0.168789
0.168782
0.168775
0.168768
0.168761
0.168754
0.168746
0.168739
0.168732
0.168725
0.168718
0.16871
0.168703
0.168696
0.168689
0.168681
0.168674
0.168667
0.16866
0.168653
0.168645
0.168638
0.168631
0.168624
0.168616
0.168609
0.168602
0.168595
0.168587
0.16858
0.168573
0.168565
0.168558
0.168551
0.168544
0.168536
0.168529
0.168522
0.168514
0.168507
0.1685
0.168493
0.168485
0.168478
0.168471
0.168463
0.168456
0.168449
0.168441
0.168434
0.168427
0.168419
0.168412
0.168405
0.168397
0.16839
0.168383
0.168375
0.168368
0.16836
0.168353
0.168346
0.168338
0.168331
0.168324
0.168316
0.168309
0.168301
0.168294
0.168287
0.168279
0.168272
0.168264
0.168257
0.16825
0.168242
0.168235
0.168227
0.16822
0.168212
0.168205
0.168198
0.16819
0.168183
0.168175
0.168168
0.16816
0.168153
0.168145
0.168138
0.16813
0.168123
0.168116
0.168108
0.168101
0.168093
0.168086
0.168078
0.168071
0.168063
0.168056
0.168048
0.168041
0.168033
0.168026
0.168018
0.16801
0.168003
0.167995
0.167988
0.16798
0.167973
0.167965
0.167958
0.16795
0.167943
0.167935
0.167927
0.16792
0.167912
0.167905
0.167897
0.16789
0.167882
0.167874
0.167867
0.167859
0.167852
0.167844
0.167836
0.167829
0.167821
0.167814
0.167806
0.167798
0.167791
0.167783
0.167776
0.167768
0.16776
0.167753
0.167745
0.167737
0.16773
0.167722
0.167714
0.167707
0.167699
0.167691
0.167684
0.167676
0.167668
0.167661
0.167653
0.167645
0.167638
0.16763
0.167622
0.167615
0.167607
0.167599
0.167591
0.167584
0.167576
0.167568
0.167561
0.167553
0.167545
0.167537
0.16753
0.167522
0.167514
0.167506
0.167499
0.167491
0.167483
0.167475
0.167468
0.16746
0.167452
0.167444
0.167436
0.167429
0.167421
0.167413
0.167405
0.167397
0.16739
0.167382
0.167374
0.167366
0.167358
0.167351
0.167343
0.167335
0.167327
0.167319
0.167311
0.167304
0.167296
0.167288
0.16728
0.167272
0.167264
0.167256
0.167249
0.167241
0.167233
0.167225
0.167217
0.167209
0.167201
0.167193
0.167185
0.167178
0.16717
0.167162
0.167154
0.167146
0.167138
0.16713
0.167122
0.167114
0.167106
0.167098
0.16709
0.167082
0.167075
0.167067
0.167059
0.167051
0.167043
0.167035
0.167027
0.167019
0.167011
0.167003
0.166995
0.166987
0.166979
0.166971
0.166963
0.166955
0.166947
0.166939
0.166931
0.166923
0.166915
0.166907
0.166899
0.166891
0.166883
0.166875
0.166867
0.166859
0.166851
0.166842
0.166834
0.166826
0.166818
0.16681
0.166802
0.166794
0.166786
0.166778
0.16677
0.166762
0.166754
0.166746
0.166737
0.166729
0.166721
0.166713
0.166705
0.166697
0.166689
0.166681
0.166673
0.166664
0.166656
0.166648
0.16664
0.166632
0.166624
0.166616
0.166607
0.166599
0.166591
0.166583
0.166575
0.166567
0.166558
0.16655
0.166542
0.166534
0.166526
0.166517
0.166509
0.166501
0.166493
0.166485
0.166476
0.166468
0.16646
0.166452
0.166443
0.166435
0.166427
0.166419
0.16641
0.166402
0.166394
0.166386
0.166377
0.166369
0.166361
0.166353
0.166344
0.166336
0.166328
0.16632
0.166311
0.166303
0.166295
0.166286
0.166278
0.16627
0.166261
0.166253
0.166245
0.166236
0.166228
0.16622
0.166211
0.166203
0.166195
0.166186
0.166178
0.16617
0.166161
0.166153
0.166145
0.166136
0.166128
0.166119
0.166111
0.166103
0.166094
0.166086
0.166078
0.166069
0.166061
0.166052
0.166044
0.166035
0.166027
0.166019
0.16601
0.166002
0.165993
0.165985
0.165976
0.165968
0.16596
0.165951
0.165943
0.165934
0.165926
0.165917
0.165909
0.1659
0.165892
0.165883
0.165875
0.165866
0.165858
0.165849
0.165841
0.165832
0.165824
0.165815
0.165807
0.165798
0.16579
0.165781
0.165773
0.165764
0.165756
0.165747
0.165739
0.16573
0.165721
0.165713
0.165704
0.165696
0.165687
0.165679
0.16567
0.165661
0.165653
0.165644
0.165636
0.165627
0.165618
0.16561
0.165601
0.165593
0.165584
0.165575
0.165567
0.165558
0.165549
0.165541
0.165532
0.165524
0.165515
0.165506
0.165498
0.165489
0.16548
0.165472
0.165463
0.165454
0.165446
0.165437
0.165428
0.165419
0.165411
0.165402
0.165393
0.165385
0.165376
0.165367
0.165358
0.16535
0.165341
0.165332
0.165324
0.165315
0.165306
0.165297
0.165289
0.16528
0.165271
0.165262
0.165254
0.165245
0.165236
0.165227
0.165218
0.16521
0.165201
0.165192
0.165183
0.165174
0.165166
0.165157
0.165148
0.165139
0.16513
0.165122
0.165113
0.165104
0.165095
0.165086
0.165077
0.165069
0.16506
0.165051
0.165042
0.165033
0.165024
0.165015
0.165006
0.164998
0.164989
0.16498
0.164971
0.164962
0.164953
0.164944
0.164935
0.164926
0.164917
0.164909
0.1649
0.164891
0.164882
0.164873
0.164864
0.164855
0.164846
0.164837
0.164828
0.164819
0.16481
0.164801
0.164792
0.164783
0.164774
0.164765
0.164756
0.164747
0.164738
0.164729
0.16472
0.164711
0.164702
0.164693
0.164684
0.164675
0.164666
0.164657
0.164648
0.164639
0.16463
0.164621
0.164612
0.164603
0.164594
0.164585
0.164576
0.164567
0.164557
0.164548
0.164539
0.16453
0.164521
0.164512
0.164503
0.164494
0.164485
0.164476
0.164466
0.164457
0.164448
0.164439
0.16443
0.164421
0.164412
0.164403
0.164393
0.164384
0.164375
0.164366
0.164357
0.164348
0.164338
0.164329
0.16432
0.164311
0.164302
0.164292
0.164283
0.164274
0.164265
0.164256
0.164246
0.164237
0.164228
0.164219
0.16421
0.1642
0.164191
0.164182
0.164173
0.164163
0.164154
0.164145
0.164136
0.164126
0.164117
0.164108
0.164098
0.164089
0.16408
0.164071
0.164061
0.164052
0.164043
0.164033
0.164024
0.164015
0.164005
0.163996
0.163987
0.163977
0.163968
0.163959
0.163949
0.16394
0.163931
0.163921
0.163912
0.163903
0.163893
0.163884
0.163874
0.163865
0.163856
0.163846
0.163837
0.163828
0.163818
0.163809
0.163799
0.16379
0.16378
0.163771
0.163762
0.163752
0.163743
0.163733
0.163724
0.163714
0.163705
0.163696
0.163686
0.163677
0.163667
0.163658
0.163648
0.163639
0.163629
0.16362
0.16361
0.163601
0.163591
0.163582
0.163572
0.163563
0.163553
0.163544
0.163534
0.163525
0.163515
0.163505
0.163496
0.163486
0.163477
0.163467
0.163458
0.163448
0.163439
0.163429
0.163419
0.16341
0.1634
0.163391
0.163381
0.163371
0.163362
0.163352
0.163343
0.163333
0.163323
0.163314
0.163304
0.163295
0.163285
0.163275
0.163266
0.163256
0.163246
0.163237
0.163227
0.163217
0.163208
0.163198
0.163188
0.163179
0.163169
0.163159
0.16315
0.16314
0.16313
0.16312
0.163111
0.163101
0.163091
0.163082
0.163072
0.163062
0.163052
0.163043
0.163033
0.163023
0.163013
0.163004
0.162994
0.162984
0.162974
0.162965
0.162955
0.162945
0.162935
0.162925
0.162916
0.162906
0.162896
0.162886
0.162876
0.162867
0.162857
0.162847
0.162837
0.162827
0.162817
0.162808
0.162798
0.162788
0.162778
0.162768
0.162758
0.162748
0.162739
0.162729
0.162719
0.162709
0.162699
0.162689
0.162679
0.162669
0.162659
0.162649
0.16264
0.16263
0.16262
0.16261
0.1626
0.16259
0.16258
0.16257
0.16256
0.16255
0.16254
0.16253
0.16252
0.16251
0.1625
0.16249
0.16248
0.16247
0.16246
0.16245
0.16244
0.16243
0.16242
0.16241
0.1624
0.16239
0.16238
0.16237
0.16236
0.16235
0.16234
0.16233
0.16232
0.16231
0.1623
0.16229
0.16228
0.16227
0.16226
0.162249
0.162239
0.162229
0.162219
0.162209
0.162199
0.162189
0.162179
0.162169
0.162158
0.162148
0.162138
0.162128
0.162118
0.162108
0.162098
0.162087
0.162077
0.162067
0.162057
0.162047
0.162037
0.162026
0.162016
0.162006
0.161996
0.161986
0.161976
0.161965
0.161955
0.161945
0.161935
0.161924
0.161914
0.161904
0.161894
0.161883
0.161873
0.161863
0.161853
0.161842
0.161832
0.161822
0.161812
0.161801
0.161791
0.161781
0.161771
0.16176
0.16175
0.16174
0.161729
0.161719
0.161709
0.161698
0.161688
0.161678
0.161667
0.161657
0.161647
0.161636
0.161626
0.161616
0.161605
0.161595
0.161585
0.161574
0.161564
0.161553
0.161543
